L:429226.113,3414876.354|429248.077,3414903.814|429363.406,3415048.041|429496.626,3415209.917:0:FF8000FF:solid:1号路段_左边线
L:429234.410,3414870.921|429256.177,3414898.014|429370.541,3415041.479|429504.142,3415203.648:0:FF8000FF:solid:1号路段_右边线
L:429231.991,3414873.191|429253.677,3414900.214|429368.189,3415043.579|429501.610,3415205.772:0:FFFFFFFF:dash:1号路段_虚线1
L:429229.387,3414875.200|429250.677,3414901.714|429365.924,3415046.105|429499.084,3415207.865:0:FFFFFFFF:dash:1号路段_虚线2
L:429496.626,3415209.917|429518.406,3415236.353:0:FF8000FF:solid:2号路段_左边线
L:429504.142,3415203.648|429525.989,3415230.150:0:FF8000FF:solid:2号路段_右边线
L:429501.610,3415205.772|429523.409,3415232.201:0:FFFFFFFF:dash:2号路段_虚线1
L:429499.084,3415207.865|429520.860,3415234.313:0:FFFFFFFF:dash:2号路段_虚线2
L:429518.126,3415236.588|429378.101,3415066.696|429352.817,3415035.654|429247.777,3414904.057|429225.852,3414876.540:0:FF8000FF:solid:3号路段_左边线
L:429510.154,3415242.471|429370.372,3415073.192|429345.186,3415041.873|429240.086,3414910.208|429218.687,3414883.421:0:FF8000FF:solid:3号路段_右边线
L:429512.682,3415240.307|429372.902,3415071.074|429347.782,3415039.799|429242.695,3414908.092|429221.630,3414881.674:0:FFFFFFFF:dash:3号路段_虚线1
L:429515.520,3415238.591|429375.414,3415068.947|429350.301,3415037.737|429245.231,3414906.087|429223.920,3414879.388:0:FFFFFFFF:dash:3号路段_虚线2
L:429562.055,3415288.179|429657.706,3415404.707|429667.813,3415417.033|429716.191,3415475.984:0:FF8000FF:solid:4号路段_左边线
L:429569.266,3415281.941|429665.009,3415398.375|429674.875,3415410.342|429723.452,3415469.520:0:FF8000FF:solid:4号路段_右边线
L:429566.530,3415283.871|429663.546,3415401.783|429672.453,3415412.622|429720.894,3415471.700:0:FFFFFFFF:dash:4号路段_虚线1
L:429563.775,3415285.752|429661.068,3415403.823|429669.935,3415414.695|429718.505,3415473.876:0:FFFFFFFF:dash:4号路段_虚线2
L:429716.191,3415475.984|429736.089,3415500.301:0:FF8000FF:solid:5号路段_左边线
L:429723.452,3415469.520|429743.702,3415494.233:0:FF8000FF:solid:5号路段_右边线
L:429720.894,3415471.700|429741.151,3415496.327:0:FFFFFFFF:dash:5号路段_虚线1
L:429718.505,3415473.876|429738.560,3415498.325:0:FFFFFFFF:dash:5号路段_虚线2
L:429735.807,3415500.502|429715.898,3415476.258|429667.535,3415417.326|429657.381,3415404.941|429583.477,3415314.714:0:FF8000FF:solid:6号路段_左边线
L:429727.378,3415505.560|429708.419,3415482.714|429658.941,3415422.577|429649.562,3415411.169|429576.077,3415321.615:0:FF8000FF:solid:6号路段_右边线
L:429730.562,3415504.672|429711.006,3415480.666|429661.570,3415420.649|429652.120,3415409.130|429578.077,3415319.215:0:FFFFFFFF:dash:6号路段_虚线1
L:429733.042,3415502.455|429713.335,3415478.459|429664.414,3415419.061|429654.626,3415407.125|429580.577,3415316.914:0:FFFFFFFF:dash:6号路段_虚线2
L:429583.477,3415314.714|429562.072,3415288.818:0:FF8000FF:solid:7号路段_左边线
L:429576.077,3415321.615|429554.641,3415295.648:0:FF8000FF:solid:7号路段_右边线
L:429578.077,3415319.215|429556.978,3415293.472:0:FFFFFFFF:dash:7号路段_虚线1
L:429580.577,3415316.914|429559.441,3415291.249:0:FFFFFFFF:dash:7号路段_虚线2
L:429781.456,3415555.084|429800.718,3415578.486|429878.248,3415672.447|430013.748,3415836.460|430114.588,3415958.542:0:FF8000FF:solid:8号路段_左边线
L:429788.780,3415548.895|429803.816,3415566.988|429885.490,3415665.818|430021.201,3415830.084|430121.777,3415951.814:0:FF8000FF:solid:8号路段_右边线
L:429785.833,3415550.787|429803.200,3415571.551|429882.904,3415667.972|430018.628,3415832.296|430119.496,3415954.353:0:FFFFFFFF:dash:8号路段_虚线1
L:429783.688,3415552.951|429800.770,3415573.632|429880.337,3415670.002|430016.074,3415834.278|430116.951,3415956.375:0:FFFFFFFF:dash:8号路段_虚线2
L:430114.588,3415958.542|430134.562,3415982.666:0:FF8000FF:solid:9号路段_左边线
L:430121.777,3415951.814|430142.162,3415976.441:0:FF8000FF:solid:9号路段_右边线
L:430119.496,3415954.353|430139.560,3415978.581:0:FFFFFFFF:dash:9号路段_虚线1
L:430116.951,3415956.375|430137.038,3415980.667:0:FFFFFFFF:dash:9号路段_虚线2
L:430134.243,3415982.931|430114.315,3415958.853|430013.482,3415836.751|429877.901,3415672.675|429800.494,3415578.770:0:FF8000FF:solid:10号路段_左边线
L:430126.813,3415988.977|430108.060,3415966.851|430011.921,3415850.359|429870.844,3415679.594|429793.206,3415585.579:0:FF8000FF:solid:10号路段_右边线
L:430128.948,3415987.066|430109.414,3415963.030|430008.542,3415840.937|429872.828,3415676.706|429795.683,3415583.343:0:FFFFFFFF:dash:10号路段_虚线1
L:430131.580,3415984.901|430111.980,3415960.989|430011.160,3415838.956|429875.433,3415674.684|429798.208,3415581.228:0:FFFFFFFF:dash:10号路段_虚线2
L:429800.494,3415578.770|429781.126,3415555.342:0:FF8000FF:solid:11号路段_左边线
L:429793.206,3415585.579|429773.689,3415561.980:0:FF8000FF:solid:11号路段_右边线
L:429795.683,3415583.343|429776.148,3415559.765:0:FFFFFFFF:dash:11号路段_虚线1
L:429798.208,3415581.228|429778.607,3415557.592:0:FFFFFFFF:dash:11号路段_虚线2
L:430166.401,3416021.174|430278.321,3416156.804|430516.626,3416445.556:0:FF8000FF:solid:12号路段_左边线
L:430173.853,3416015.055|430285.849,3416150.601|430524.097,3416439.290:0:FF8000FF:solid:12号路段_右边线
L:430171.453,3416017.019|430283.297,3416152.707|430521.614,3416441.395:0:FFFFFFFF:dash:12号路段_虚线1
L:430168.793,3416019.099|430280.809,3416154.857|430519.110,3416443.436:0:FFFFFFFF:dash:12号路段_虚线2
L:430516.319,3416445.771|430387.077,3416289.142|430166.059,3416021.476:0:FF8000FF:solid:13号路段_左边线
L:430508.269,3416451.510|430379.868,3416295.883|430158.497,3416027.711:0:FF8000FF:solid:13号路段_右边线
L:430511.113,3416449.534|430382.346,3416293.528|430161.096,3416025.595:0:FFFFFFFF:dash:13号路段_虚线1
L:430513.679,3416447.625|430384.736,3416291.333|430163.546,3416023.524:0:FFFFFFFF:dash:13号路段_虚线2
L:430578.077,3416519.909|430727.376,3416700.662|430891.923,3416900.025:0:FF8000FF:solid:14号路段_左边线
L:430585.759,3416513.640|430734.143,3416693.323|430899.545,3416893.827:0:FF8000FF:solid:14号路段_右边线
L:430583.801,3416516.847|430732.278,3416696.367|430897.002,3416895.916:0:FFFFFFFF:dash:14号路段_虚线1
L:430581.103,3416518.501|430729.821,3416698.446|430894.479,3416897.905:0:FFFFFFFF:dash:14号路段_虚线2
L:430891.626,3416900.303|430727.036,3416700.919|430577.773,3416520.176:0:FF8000FF:solid:15号路段_左边线
L:430883.633,3416906.176|430879.819,3416901.421|430718.421,3416705.938|430570.367,3416526.674:0:FF8000FF:solid:15号路段_右边线
L:430886.182,3416904.270|430882.712,3416899.905|430721.644,3416704.783|430572.860,3416524.485:0:FFFFFFFF:dash:15号路段_虚线1
L:430888.910,3416902.296|430885.207,3416897.678|430724.258,3416702.742|430575.278,3416522.357:0:FFFFFFFF:dash:15号路段_虚线2
L:430154.582,3415221.159|430285.992,3415380.423|430367.087,3415478.627|430505.878,3415646.614:0:FF8000FF:solid:16号路段_左边线
L:430160.820,3415215.977|430294.449,3415377.868|430452.092,3415568.792|430512.377,3415641.814:0:FF8000FF:solid:16号路段_右边线
L:430157.072,3415218.737|430288.714,3415378.367|430508.478,3415644.314:0:FFFFFFFF:dash:16号路段_虚线2
L:430159.788,3415216.707|430451.049,3415569.615|430511.377,3415642.714:0:FFFFFFFF:dash:16号路段_虚线1
L:430505.878,3415646.614|430523.975,3415668.839:0:FF8000FF:solid:17号路段_左边线
L:430512.377,3415641.814|430530.141,3415663.599:0:FF8000FF:solid:17号路段_右边线
L:430511.377,3415642.714|430529.289,3415664.418:0:FFFFFFFF:dash:17号路段_虚线1
L:430508.478,3415644.314|430526.679,3415666.580:0:FFFFFFFF:dash:17号路段_虚线2
L:430523.669,3415669.070|430285.699,3415380.692|430154.278,3415221.413:0:FF8000FF:solid:18号路段_左边线
L:430517.135,3415674.163|430514.565,3415670.808|430360.486,3415484.052|430151.680,3415231.053|430147.723,3415226.346:0:FF8000FF:solid:18号路段_右边线
L:430521.072,3415671.260|430283.231,3415383.112|430172.277,3415248.514:0:FFFFFFFF:dash:18号路段_虚线2
L:430518.388,3415673.351|430361.440,3415483.209|430148.906,3415225.566:0:FFFFFFFF:dash:18号路段_虚线1
L:430175.177,3415246.714|430154.278,3415221.413:0:FF8000FF:solid:19号路段_左边线
L:430168.777,3415251.614|430147.723,3415226.346:0:FF8000FF:solid:19号路段_右边线
L:430169.677,3415250.614|430148.906,3415225.566:0:FFFFFFFF:dash:19号路段_虚线1
L:430172.277,3415248.514|430151.706,3415223.685:0:FFFFFFFF:dash:19号路段_虚线2
L:430546.695,3415696.242|430784.484,3415984.602|430895.077,3416118.314:0:FF8000FF:solid:20号路段_左边线
L:430553.052,3415691.190|430557.512,3415696.544|430790.978,3415979.636|430901.777,3416113.714:0:FF8000FF:solid:20号路段_右边线
L:430548.953,3415693.651|430787.229,3415982.578|430897.777,3416116.214:0:FFFFFFFF:dash:20号路段_虚线2
L:430551.602,3415691.556|430725.687,3415902.627|430900.577,3416114.414:0:FFFFFFFF:dash:20号路段_虚线1
L:430895.077,3416118.314|430913.754,3416141.130:0:FF8000FF:solid:21号路段_左边线
L:430901.777,3416113.714|430919.965,3416135.922:0:FF8000FF:solid:21号路段_右边线
L:430900.577,3416114.414|430919.035,3416136.960:0:FFFFFFFF:dash:21号路段_虚线1
L:430897.777,3416116.214|430916.414,3416138.999:0:FFFFFFFF:dash:21号路段_虚线2
L:430913.446,3416141.378|430653.836,3415826.829|430565.277,3415719.514:0:FF8000FF:solid:22号路段_左边线
L:430907.172,3416146.737|430903.069,3416141.629|430647.153,3415831.662|430558.277,3415723.614:0:FF8000FF:solid:22号路段_右边线
L:430911.074,3416143.842|430833.317,3416049.779|430562.377,3415721.114:0:FFFFFFFF:dash:22号路段_虚线2
L:430908.348,3416145.889|430648.231,3415830.910|430559.577,3415723.214:0:FFFFFFFF:dash:22号路段_虚线1
L:430565.277,3415719.514|430546.378,3415696.533:0:FF8000FF:solid:23号路段_左边线
L:430558.277,3415723.614|430540.075,3415701.786:0:FF8000FF:solid:23号路段_右边线
L:430559.577,3415723.214|430541.148,3415700.926:0:FFFFFFFF:dash:23号路段_虚线1
L:430562.377,3415721.114|430543.752,3415698.752:0:FFFFFFFF:dash:23号路段_虚线2
L:430953.327,3416189.122|431072.558,3416333.547|431232.856,3416527.702:0:FF8000FF:solid:24号路段_左边线
L:430959.609,3416183.884|430964.884,3416190.227|431078.652,3416328.085|431287.598,3416580.470|431290.665,3416584.206:0:FF8000FF:solid:24号路段_右边线
L:430955.891,3416186.987|430973.581,3416208.267|431074.881,3416330.973|431286.602,3416587.491:0:FFFFFFFF:dash:24号路段_虚线2
L:430958.524,3416184.723|431172.837,3416444.303|431289.279,3416585.356:0:FFFFFFFF:dash:24号路段_虚线1
L:431232.526,3416527.940|431120.718,3416392.518|430972.977,3416213.614:0:FF8000FF:solid:25号路段_左边线
L:431226.077,3416533.514|431160.754,3416453.803|430965.777,3416217.514:0:FF8000FF:solid:25号路段_右边线
L:431229.977,3416530.214|431069.367,3416335.666|430970.178,3416215.614:0:FFFFFFFF:dash:25号路段_虚线2
L:431227.577,3416532.314|431066.524,3416337.566|430967.277,3416217.314:0:FFFFFFFF:dash:25号路段_虚线1
L:430972.977,3416213.614|430953.031,3416189.397:0:FF8000FF:solid:26号路段_左边线
L:430965.777,3416217.514|430946.769,3416194.703:0:FF8000FF:solid:26号路段_右边线
L:430967.277,3416217.314|430947.885,3416193.810:0:FFFFFFFF:dash:26号路段_虚线1
L:430970.178,3416215.614|430950.427,3416191.620:0:FFFFFFFF:dash:26号路段_虚线2
L:431050.553,3415283.245|431093.442,3415337.398|431343.006,3415652.674|431390.572,3415712.809:0:FF8000FF:solid:27号路段_左边线
L:431060.677,3415273.814|431062.221,3415275.664|431093.604,3415315.358|431152.604,3415389.865|431160.741,3415400.172|431200.001,3415449.676|431249.738,3415512.501|431390.116,3415689.824|431428.677,3415737.214:0:FF8000FF:solid:27号路段_右边线
L:431056.177,3415279.214|431058.981,3415282.818|431164.026,3415415.569|431287.127,3415571.089|431422.859,3415742.753:0:FFFFFFFF:dash:27号路段_虚线2
L:431053.377,3415281.114|431056.341,3415285.003|431161.350,3415417.684|431397.967,3415716.719|431420.211,3415744.904:0:FFFFFFFF:dash:27号路段_虚线3
L:431059.077,3415276.914|431101.561,3415330.743|431289.773,3415568.515|431425.713,3415740.445:0:FFFFFFFF:dash:27号路段_虚线1
L:431386.558,3415715.720|431369.624,3415694.338|431121.457,3415380.825|431066.678,3415311.814:0:FF8000FF:solid:28号路段_左边线
L:431376.412,3415725.152|431321.985,3415656.506|431274.541,3415596.632|431223.164,3415531.651|431170.284,3415464.859|431110.732,3415389.742|431055.077,3415319.714:0:FF8000FF:solid:28号路段_右边线
L:431381.277,3415720.014|431176.520,3415461.608|431060.878,3415315.414:0:FFFFFFFF:dash:28号路段_虚线2
L:431383.877,3415717.814|431117.887,3415381.822|431063.777,3415313.314:0:FFFFFFFF:dash:28号路段_虚线3
L:431378.477,3415722.414|431305.977,3415631.079|431057.777,3415317.414:0:FFFFFFFF:dash:28号路段_虚线1
L:431066.678,3415311.814|431046.536,3415286.326:0:FF8000FF:solid:29号路段_左边线
L:431055.077,3415319.714|431035.408,3415294.871:0:FF8000FF:solid:29号路段_右边线
L:431057.777,3415317.414|431038.278,3415292.811:0:FFFFFFFF:dash:29号路段_虚线1
L:431060.878,3415315.414|431041.121,3415290.552:0:FFFFFFFF:dash:29号路段_虚线2
L:431063.777,3415313.314|431043.886,3415288.404:0:FFFFFFFF:dash:29号路段_虚线3
L:431466.238,3415810.327|431597.973,3415987.575|431705.383,3416132.251:0:FF8000FF:solid:30号路段_左边线
L:431477.253,3415802.018|431555.054,3415906.728|431732.577,3416145.687|431760.293,3416183.043:0:FF8000FF:solid:30号路段_右边线
L:431474.655,3415803.883|431512.922,3415855.357|431667.517,3416063.391|431757.648,3416184.912:0:FFFFFFFF:dash:30号路段_虚线1
L:431471.853,3415806.289|431509.746,3415857.312|431664.589,3416065.669|431754.742,3416187.156:0:FFFFFFFF:dash:30号路段_虚线2
L:431468.988,3415808.367|431511.763,3415865.961|431661.792,3416067.867|431751.891,3416189.347:0:FFFFFFFF:dash:30号路段_虚线3
L:431701.290,3416135.274|431570.456,3415958.996|431461.577,3415813.128:0:FF8000FF:solid:31号路段_左边线
L:431736.705,3416205.330|431690.606,3416143.843|431559.796,3415967.804|431470.001,3415846.911|431451.266,3415821.714:0:FF8000FF:solid:31号路段_右边线
L:431736.338,3416200.052|431717.631,3416175.002|431472.222,3415845.064|431453.812,3415819.843:0:FFFFFFFF:dash:31号路段_虚线1
L:431741.701,3416201.346|431720.597,3416172.803|431564.934,3415963.126|431456.793,3415817.655:0:FFFFFFFF:dash:31号路段_虚线2
L:431742.376,3416196.536|431723.455,3416170.657|431567.736,3415960.929|431459.711,3415815.588:0:FFFFFFFF:dash:31号路段_虚线3
L:429780.041,3415501.173|429787.901,3415494.606|429945.483,3415364.482|430090.796,3415244.482|430121.336,3415219.255|430125.344,3415216.049:0:FF8000FF:solid:32号路段_右边线
L:429784.667,3415505.745|429832.756,3415465.987|430024.371,3415307.634|430129.097,3415221.086:0:FF8000FF:dash:32号路段_左边线
L:429781.572,3415502.882|429830.195,3415462.684|429945.819,3415367.266|430126.622,3415217.952:0:FFFFFFFF:dash:32号路段_虚线1
L:430132.847,3415226.562|430129.243,3415229.556|430028.053,3415313.168|429836.323,3415471.644|429792.929,3415507.516|429788.805,3415510.969:0:FF8000FF:solid:33号路段_右边线
L:430129.097,3415221.086|430024.371,3415307.634|429832.756,3415465.987|429784.667,3415505.745:0:FF8000FF:dash:33号路段_左边线
L:430131.702,3415224.426|430026.699,3415311.211|429835.204,3415469.445|429787.344,3415508.994:0:FFFFFFFF:dash:33号路段_虚线1
L:430170.466,3415975.911|430177.055,3415970.466|430294.929,3415873.183|430512.558,3415693.178:0:FF8000FF:solid:34号路段_右边线
L:430175.807,3415980.733|430218.627,3415945.329|430373.981,3415816.911|430517.109,3415698.517:0:FF8000FF:dash:34号路段_左边线
L:430172.822,3415978.044|430296.939,3415875.380|430514.507,3415695.478:0:FFFFFFFF:dash:34号路段_虚线1
L:430521.872,3415703.530|430516.695,3415707.754|430378.229,3415822.120|430200.947,3415968.479|430186.512,3415980.418|430179.913,3415985.930:0:FF8000FF:solid:35号路段_右边线
L:430517.109,3415698.517|430373.981,3415816.911|430218.627,3415945.329|430175.807,3415980.733:0:FF8000FF:dash:35号路段_左边线
L:430519.932,3415701.392|430376.505,3415820.023|430221.025,3415948.554|430178.365,3415983.857:0:FFFFFFFF:dash:35号路段_虚线1
L:430548.405,3415663.925|430554.851,3415658.602|430664.388,3415568.136|430891.531,3415380.582|431005.540,3415287.000:0:FF8000FF:solid:36号路段_右边线
L:430553.242,3415668.807|430667.696,3415574.304|430940.809,3415348.751|431009.639,3415291.907:0:FF8000FF:dash:36号路段_左边线
L:430550.331,3415666.037|430665.332,3415571.009|430938.103,3415345.791|431007.063,3415288.831:0:FFFFFFFF:dash:36号路段_虚线1
L:431014.280,3415296.955|431012.013,3415298.788|430945.515,3415353.715|430671.466,3415579.970|430557.583,3415674.093:0:FF8000FF:solid:37号路段_右边线
L:431009.639,3415291.907|430940.809,3415348.751|430667.696,3415574.304|430553.242,3415668.807:0:FF8000FF:dash:37号路段_左边线
L:431012.361,3415294.879|430897.753,3415389.419|430555.815,3415671.912:0:FFFFFFFF:dash:37号路段_虚线1
L:431309.795,3416584.019|431313.417,3416581.294|431605.301,3416340.356|431734.057,3416235.086:0:FF8000FF:solid:38号路段_右边线
L:431314.494,3416589.259|431478.995,3416453.457|431737.949,3416239.653:0:FF8000FF:dash:38号路段_左边线
L:431312.139,3416586.394|431551.500,3416388.815|431658.693,3416300.297|431735.558,3416236.845:0:FFFFFFFF:dash:38号路段_虚线1
L:431740.095,3416246.774|431561.789,3416393.918|431318.085,3416595.189:0:FF8000FF:solid:39号路段_右边线
L:431737.949,3416239.653|431478.995,3416453.457|431314.494,3416589.259:0:FF8000FF:dash:39号路段_左边线
L:431739.104,3416243.573|431557.204,3416393.703|431316.937,3416592.068:0:FFFFFFFF:dash:39号路段_虚线1
P:429515.475,3415249.165|429510.815,3415245.170|429527.373,3415231.506|429531.187,3415236.123:0:FF8000FF:stroke:禁停区1
P:429565.057,3415274.405|429568.864,3415279.043|429552.389,3415294.410|429548.615,3415289.811:0:FF8000FF:stroke:禁停区2
P:429745.999,3415495.605|429749.189,3415499.459|429731.561,3415513.532|429728.335,3415509.627:0:FF8000FF:stroke:禁停区3
P:429777.539,3415500.775|429773.689,3415503.975|429784.652,3415517.429|429788.471,3415514.174:0:FF8000FF:stroke:禁停区4
P:429788.062,3415540.015|429791.277,3415543.932|429769.107,3415562.369|429765.925,3415558.527:0:FF8000FF:stroke:禁停区5
P:430125.670,3415213.728|430130.390,3415209.929|430140.417,3415222.569|430135.797,3415226.413:0:FF8000FF:stroke:禁停区6
P:430141.719,3415221.915|430145.572,3415226.580|430160.877,3415213.052|430157.063,3415208.415:0:FF8000FF:stroke:禁停区7
P:430532.985,3415663.971|430536.778,3415668.603|430521.130,3415681.658|430517.261,3415676.973:0:FF8000FF:stroke:禁停区8
P:430518.755,3415688.031|430514.167,3415691.875|430523.075,3415702.863|430527.684,3415698.955:0:FF8000FF:stroke:禁停区9
P:430532.860,3415697.505|430536.712,3415702.123|430553.910,3415687.590|430550.083,3415682.951:0:FF8000FF:stroke:禁停区10
P:430926.642,3416141.014|430922.845,3416136.408|430906.783,3416149.027|430910.636,3416153.673:0:FF8000FF:stroke:禁停区11
P:430959.727,3416181.022|430955.870,3416176.392|430941.284,3416189.129|430945.070,3416193.730:0:FF8000FF:stroke:禁停区12
P:431032.891,3415294.582|431029.210,3415289.871|431056.836,3415268.191|431060.575,3415272.978:0:FF8000FF:stroke:禁停区13
P:431015.639,3415296.123|431020.328,3415292.293|431011.195,3415281.474|431006.632,3415285.259:0:FF8000FF:stroke:禁停区14
P:430547.251,3415664.614|430542.571,3415668.505|430551.640,3415679.296|430556.292,3415675.517:0:FF8000FF:stroke:禁停区15
P:430180.182,3415989.046|430175.559,3415992.921|430163.204,3415978.025|430167.522,3415974.466:0:FF8000FF:stroke:禁停区16
P:430148.082,3415974.182|430151.918,3415978.772|430131.590,3415995.505|430127.797,3415990.840:0:FF8000FF:stroke:禁停区17
L:9725.160,9570.440|9746.941,9598.044|9861.309,9743.019|9993.450,9905.760:0:FF8000FF:solid:1号路段_左边线
L:9733.492,9565.063|9755.079,9592.298|9868.486,9736.505|10001.007,9899.541:0:FF8000FF:solid:1号路段_右边线
L:9731.059,9567.317|9752.564,9594.481|9866.121,9738.589|9998.461,9901.649:0:FFFFFFFF:dash:1号路段_虚线1
L:9728.441,9569.309|9749.555,9595.961|9863.840,9741.100|9995.921,9903.725:0:FFFFFFFF:dash:1号路段_虚线2
L:9993.450,9905.760|10015.054,9932.338:0:FF8000FF:solid:2号路段_左边线
L:10001.007,9899.541|10022.677,9926.185:0:FF8000FF:solid:2号路段_右边线
L:9998.461,9901.649|10020.083,9928.219:0:FFFFFFFF:dash:2号路段_虚线1
L:9995.921,9903.725|10017.521,9930.314:0:FFFFFFFF:dash:2号路段_虚线2
L:10014.772,9932.571|9875.880,9761.769|9850.803,9730.563|9746.639,9598.285|9724.898,9570.625:0:FF8000FF:solid:3号路段_左边线
L:10006.762,9938.401|9868.108,9768.214|9843.131,9736.731|9738.908,9604.384|9717.687,9577.458:0:FF8000FF:solid:3号路段_右边线
L:10009.304,9936.254|9870.652,9766.113|9845.741,9734.675|9741.531,9602.285|9720.642,9575.730:0:FFFFFFFF:dash:3号路段_虚线1
L:10012.153,9934.557|9873.178,9764.003|9848.273,9732.629|9744.080,9600.297|9722.947,9573.460:0:FFFFFFFF:dash:3号路段_虚线2
L:10058.357,9984.448|10153.231,10101.597|10163.256,10113.989|10211.241,10173.254:0:FF8000FF:solid:4号路段_左边线
L:10065.609,9978.258|10160.575,10095.313|10170.362,10107.345|10218.544,10166.838:0:FF8000FF:solid:4号路段_右边线
L:10062.860,9980.170|10159.090,10098.712|10167.925,10109.609|10215.972,10169.002:0:FFFFFFFF:dash:4号路段_虚线1
L:10060.093,9982.032|10156.599,10100.735|10165.393,10111.665|10213.569,10171.161:0:FFFFFFFF:dash:4号路段_虚线2
L:10211.241,10173.254|10230.977,10197.700:0:FF8000FF:solid:5号路段_左边线
L:10218.544,10166.838|10238.630,10191.683:0:FF8000FF:solid:5号路段_右边线
L:10215.972,10169.002|10236.066,10193.760:0:FFFFFFFF:dash:5号路段_虚线1
L:10213.569,10171.161|10233.461,10195.741:0:FFFFFFFF:dash:5号路段_虚线2
L:10230.694,10197.900|10210.947,10173.526|10162.976,10114.280|10152.905,10101.829|10079.603,10011.122:0:FF8000FF:solid:6号路段_左边线
L:10222.233,10202.902|10203.426,10179.933|10154.349,10119.474|10145.046,10108.004|10072.158,10017.973:0:FF8000FF:solid:6号路段_右边线
L:10225.422,10202.034|10206.026,10177.901|10156.990,10117.563|10147.617,10105.983|10074.173,10015.587:0:FFFFFFFF:dash:6号路段_虚线1
L:10227.916,10199.834|10208.369,10175.709|10159.844,10115.994|10150.136,10103.995|10076.688,10013.303:0:FFFFFFFF:dash:6号路段_虚线2
L:10079.603,10011.122|10058.370,9985.087:0:FF8000FF:solid:7号路段_左边线
L:10072.158,10017.973|10050.895,9991.867:0:FF8000FF:solid:7号路段_右边线
L:10074.173,10015.587|10053.246,9989.707:0:FFFFFFFF:dash:7号路段_虚线1
L:10076.688,10013.303|10055.723,9987.500:0:FFFFFFFF:dash:7号路段_虚线2
L:10275.980,10252.778|10295.085,10276.305|10371.989,10370.770|10506.395,10535.663|10606.421,10658.401:0:FF8000FF:solid:8号路段_左边线
L:10283.343,10246.638|10298.258,10264.829|10379.274,10364.189|10513.889,10529.337|10613.655,10651.721:0:FF8000FF:solid:8号路段_右边线
L:10280.384,10248.510|10297.613,10269.387|10376.674,10366.326|10511.303,10531.532|10611.357,10654.244:0:FFFFFFFF:dash:8号路段_虚线1
L:10278.225,10250.659|10295.170,10271.451|10374.094,10368.339|10508.735,10533.497|10608.799,10656.249:0:FFFFFFFF:dash:8号路段_虚线2
L:10606.421,10658.401|10626.235,10682.655:0:FF8000FF:solid:9号路段_左边线
L:10613.655,10651.721|10633.876,10676.480:0:FF8000FF:solid:9号路段_右边线
L:10611.357,10654.244|10631.259,10678.603:0:FFFFFFFF:dash:9号路段_虚线1
L:10608.799,10656.249|10628.724,10680.672:0:FFFFFFFF:dash:9号路段_虚线2
L:10625.914,10682.917|10606.146,10658.710|10506.127,10535.953|10371.640,10370.995|10294.859,10276.588:0:FF8000FF:solid:10号路段_左边线
L:10618.445,10688.914|10599.840,10666.666|10504.476,10549.549|10364.539,10377.868|10287.527,10283.348:0:FF8000FF:solid:10号路段_右边线
L:10620.593,10687.017|10601.218,10662.854|10501.160,10540.106|10366.541,10374.993|10290.018,10281.128:0:FFFFFFFF:dash:10号路段_虚线1
L:10623.238,10684.870|10603.798,10660.831|10503.791,10538.142|10369.160,10372.988|10292.558,10279.031:0:FFFFFFFF:dash:10号路段_虚线2
L:10294.859,10276.588|10275.647,10253.034:0:FF8000FF:solid:11号路段_左边线
L:10287.527,10283.348|10268.167,10259.623:0:FF8000FF:solid:11号路段_右边线
L:10290.018,10281.128|10270.641,10257.424:0:FFFFFFFF:dash:11号路段_虚线1
L:10292.558,10279.031|10273.113,10255.267:0:FFFFFFFF:dash:11号路段_虚线2
L:10657.817,10721.369|10768.833,10857.727|11005.213,11148.028:0:FF8000FF:solid:12号路段_左边线
L:10665.309,10715.300|10776.401,10851.574|11012.725,11141.812:0:FF8000FF:solid:12号路段_右边线
L:10662.896,10717.248|10773.836,10853.663|11010.228,11143.900:0:FFFFFFFF:dash:12号路段_虚线1
L:10660.222,10719.311|10771.334,10855.796|11007.711,11145.924:0:FFFFFFFF:dash:12号路段_虚线2
L:11004.905,11148.241|10876.707,10990.771|10657.473,10721.670:0:FF8000FF:solid:13号路段_左边线
L:10996.818,11153.926|10869.454,10997.465|10649.870,10727.853:0:FF8000FF:solid:13号路段_右边线
L:10999.674,11151.969|10871.947,10995.127|10652.483,10725.755:0:FFFFFFFF:dash:13号路段_虚线1
L:11002.253,11150.078|10874.352,10992.947|10654.947,10723.700:0:FFFFFFFF:dash:13号路段_虚线2
L:11066.168,11222.780|11214.263,11404.504|11377.480,11604.937:0:FF8000FF:solid:14号路段_左边线
L:11073.892,11216.563|11221.077,11397.210|11385.143,11598.790:0:FF8000FF:solid:14号路段_右边线
L:11071.913,11219.756|11219.193,11400.242|11382.586,11600.862:0:FFFFFFFF:dash:14号路段_虚线1
L:11069.204,11221.393|11216.722,11402.305|11380.050,11602.834:0:FFFFFFFF:dash:14号路段_虚线2
L:11377.182,11605.213|11213.921,11404.759|11065.863,11223.046:0:FF8000FF:solid:15号路段_左边线
L:11369.151,11611.033|11365.368,11606.253|11205.273,11409.721|11058.415,11229.494:0:FF8000FF:solid:15号路段_右边线
L:11371.712,11609.144|11368.270,11604.756|11208.503,11408.587|11060.922,11227.322:0:FFFFFFFF:dash:15号路段_虚线1
L:11374.453,11607.188|11370.781,11602.546|11211.131,11406.563|11063.354,11225.210:0:FFFFFFFF:dash:15号路段_虚线2
L:10651.277,9921.342|10781.626,10081.460|10862.067,10180.191|10999.738,10349.080:0:FF8000FF:solid:16号路段_左边线
L:10657.550,9916.202|10790.099,10078.961|10946.469,10270.910|11006.268,10344.324:0:FF8000FF:solid:16号路段_右边线
L:10653.783,9918.937|10784.362,10079.422|11002.352,10346.798:0:FFFFFFFF:dash:16号路段_虚线2
L:10656.512,9916.925|10945.422,10271.725|11005.262,10345.217:0:FFFFFFFF:dash:16号路段_虚线1
L:10999.738,10349.080|11017.687,10371.422:0:FF8000FF:solid:17号路段_左边线
L:11006.268,10344.324|11023.887,10366.224:0:FF8000FF:solid:17号路段_右边线
L:11005.262,10345.217|11023.029,10367.037:0:FFFFFFFF:dash:17号路段_虚线1
L:11002.352,10346.798|11020.405,10369.182:0:FFFFFFFF:dash:17号路段_虚线2
L:11017.379,10371.651|10781.331,10081.727|10650.972,9921.594:0:FF8000FF:solid:18号路段_左边线
L:11010.812,10376.701|11008.264,10373.330|10855.431,10185.572|10648.310,9931.216|10644.385,9926.484:0:FF8000FF:solid:18号路段_右边线
L:11014.768,10373.825|10778.848,10084.130|10668.791,9948.812:0:FFFFFFFF:dash:18号路段_虚线2
L:11012.070,10375.898|10856.390,10184.736|10645.572,9925.711:0:FFFFFFFF:dash:18号路段_虚线1
L:10671.702,9947.031|10650.972,9921.594:0:FF8000FF:solid:19号路段_左边线
L:10665.271,9951.889|10644.385,9926.484:0:FF8000FF:solid:19号路段_右边线
L:10666.177,9950.895|10645.572,9925.711:0:FFFFFFFF:dash:19号路段_虚线1
L:10668.791,9948.812|10648.385,9923.849:0:FFFFFFFF:dash:19号路段_虚线2
L:11040.224,10398.973|11276.091,10688.879|11385.793,10823.310:0:FF8000FF:solid:20号路段_左边线
L:11046.614,10393.963|11051.038,10399.347|11282.617,10683.956|11392.523,10818.755:0:FF8000FF:solid:20号路段_右边线
L:11042.499,10396.397|11278.849,10686.873|11388.507,10821.228:0:FFFFFFFF:dash:20号路段_虚线2
L:11045.162,10394.320|11217.840,10606.523|11391.318,10819.447:0:FFFFFFFF:dash:20号路段_虚线1
L:11385.793,10823.310|11404.318,10846.248:0:FF8000FF:solid:21号路段_左边线
L:11392.523,10818.755|11410.562,10841.081:0:FF8000FF:solid:21号路段_右边线
L:11391.318,10819.447|11409.626,10842.113:0:FFFFFFFF:dash:21号路段_虚线1
L:11388.507,10821.228|11406.992,10844.134:0:FFFFFFFF:dash:21号路段_虚线2
L:11404.009,10846.493|11146.495,10530.257|11058.651,10422.366:0:FF8000FF:solid:22号路段_左边线
L:11397.700,10851.811|11393.630,10846.675|11139.781,10535.045|11051.625,10426.420:0:FF8000FF:solid:22号路段_右边线
L:11401.621,10848.942|11324.490,10754.373|11055.741,10423.947:0:FFFFFFFF:dash:22号路段_虚线2
L:11398.881,10850.970|11140.863,10534.300|11052.927,10426.028:0:FFFFFFFF:dash:22号路段_虚线1
L:11058.651,10422.366|11039.905,10399.262:0:FF8000FF:solid:23号路段_左边线
L:11051.625,10426.420|11033.568,10404.473:0:FF8000FF:solid:23号路段_右边线
L:11052.927,10426.028|11034.647,10403.620:0:FFFFFFFF:dash:23号路段_虚线1
L:11055.741,10423.947|11037.265,10401.464:0:FFFFFFFF:dash:23号路段_虚线2
L:11443.571,10894.496|11561.839,11039.697|11720.843,11234.894:0:FF8000FF:solid:24号路段_左边线
L:11449.887,10889.301|11455.120,10895.678|11567.969,11034.275|11775.233,11288.019|11778.275,11291.775:0:FF8000FF:solid:24号路段_右边线
L:11446.149,10892.378|11463.697,10913.774|11564.179,11037.138|11774.190,11295.033:0:FFFFFFFF:dash:24号路段_虚线2
L:11448.797,10890.133|11661.380,11151.106|11776.881,11292.916:0:FFFFFFFF:dash:24号路段_虚线1
L:11720.511,11235.130|11609.607,11098.981|11463.058,10919.117:0:FF8000FF:solid:25号路段_左边线
L:11714.026,11240.661|11649.235,11160.525|11455.833,10922.969:0:FF8000FF:solid:25号路段_右边线
L:11717.948,11237.387|11558.635,11041.795|11460.245,10921.098:0:FFFFFFFF:dash:25号路段_虚线2
L:11715.534,11239.471|11555.779,11043.675|11457.334,10922.779:0:FFFFFFFF:dash:25号路段_虚线1
L:11463.058,10919.117|11443.273,10894.770:0:FF8000FF:solid:26号路段_左边线
L:11455.833,10922.969|11436.977,10900.034:0:FF8000FF:solid:26号路段_右边线
L:11457.334,10922.779|11438.099,10899.148:0:FFFFFFFF:dash:26号路段_虚线1
L:11460.245,10921.098|11440.654,10896.975:0:FFFFFFFF:dash:26号路段_虚线2
L:11546.766,9989.334|11589.295,10043.765|11836.758,10360.663|11883.924,10421.107:0:FF8000FF:solid:27号路段_左边线
L:11556.952,9979.971|11558.483,9981.831|11589.602,10021.728|11648.106,10096.619|11656.174,10106.979|11695.104,10156.738|11744.423,10219.886|11883.620,10398.121|11921.865,10445.761:0:FF8000FF:solid:27号路段_右边线
L:11552.416,9985.341|11555.196,9988.963|11659.357,10122.396|11781.422,10278.715|11916.010,10451.262:0:FFFFFFFF:dash:27号路段_虚线2
L:11549.604,9987.222|11552.542,9991.130|11656.667,10124.493|11891.292,10425.065|11913.349,10453.395:0:FFFFFFFF:dash:27号路段_虚线3
L:11555.331,9983.060|11597.456,10037.164|11784.085,10276.160|11918.880,10448.972:0:FFFFFFFF:dash:27号路段_虚线1
L:11879.891,10423.991|11863.099,10402.500|11617.021,10087.374|11562.701,10018.007:0:FF8000FF:solid:28号路段_左边线
L:11869.684,10433.355|11815.714,10364.356|11768.669,10304.174|11717.725,10238.859|11665.289,10171.723|11606.238,10096.219|11551.049,10025.830:0:FF8000FF:solid:28号路段_右边线
L:11874.582,10428.250|11671.546,10168.513|11556.878,10021.569:0:FFFFFFFF:dash:28号路段_虚线2
L:11877.196,10426.068|11613.444,10088.347|11559.791,10019.488:0:FFFFFFFF:dash:28号路段_虚线3
L:11871.766,10430.632|11799.874,10338.825|11553.764,10023.548:0:FFFFFFFF:dash:28号路段_虚线1
L:11562.701,10018.007|11542.730,9992.388:0:FF8000FF:solid:29号路段_左边线
L:11551.049,10025.830|11531.546,10000.859:0:FF8000FF:solid:29号路段_右边线
L:11553.764,10023.548|11534.429,9998.819:0:FFFFFFFF:dash:29号路段_虚线1
L:11556.878,10021.569|11537.287,9996.578:0:FFFFFFFF:dash:29号路段_虚线2
L:11559.791,10019.488|11540.066,9994.449:0:FFFFFFFF:dash:29号路段_虚线3
L:11958.941,10519.116|12089.495,10697.219|12195.942,10842.593:0:FF8000FF:solid:30号路段_左边线
L:11970.010,10510.880|12047.113,10616.096|12223.045,10856.207|12250.512,10893.743:0:FF8000FF:solid:30号路段_右边线
L:11967.399,10512.729|12005.323,10564.451|12158.533,10773.488|12247.856,10895.594:0:FFFFFFFF:dash:30号路段_虚线1
L:11964.581,10515.116|12002.135,10566.385|12155.590,10775.747|12244.935,10897.819:0:FFFFFFFF:dash:30号路段_虚线2
L:11961.703,10517.175|12004.095,10575.046|12152.779,10777.926|12242.069,10899.992:0:FFFFFFFF:dash:30号路段_虚线3
L:12191.829,10845.588|12062.170,10668.461|11954.262,10521.887:0:FF8000FF:solid:31号路段_左边线
L:12226.779,10915.873|12181.090,10854.086|12051.452,10677.198|11962.461,10555.723|11943.894,10530.403:0:FF8000FF:solid:31号路段_右边线
L:12226.447,10910.593|12207.908,10885.422|11964.695,10553.890|11946.452,10528.549:0:FFFFFFFF:dash:31号路段_虚线1
L:12231.802,10911.922|12210.887,10883.241|12056.620,10672.554|11949.448,10526.382:0:FFFFFFFF:dash:31号路段_虚线2
L:12232.508,10907.117|12213.759,10881.115|12059.436,10670.376|11952.379,10524.334:0:FFFFFFFF:dash:31号路段_虚线3
L:10274.919,10198.862|10282.823,10192.348|10441.250,10063.274|10587.342,9944.243|10618.047,9919.219|10622.076,9916.040:0:FF8000FF:solid:32号路段_右边线
L:10279.515,10203.464|10327.863,10164.027|10520.507,10006.951|10625.795,9921.101:0:FF8000FF:dash:32号路段_左边线
L:10276.439,10200.581|10325.324,10160.707|10441.568,10066.060|10623.341,9917.951:0:FFFFFFFF:dash:32号路段_虚线1
L:10629.508,9926.602|10625.885,9929.572|10524.152,10012.509|10331.392,10169.707|10287.765,10205.289|10283.619,10208.715:0:FF8000FF:solid:33号路段_右边线
L:10625.795,9921.101|10520.507,10006.951|10327.863,10164.027|10279.515,10203.464:0:FF8000FF:dash:33号路段_左边线
L:10628.378,9924.458|10522.811,10010.543|10330.288,10167.501|10282.171,10206.730:0:FFFFFFFF:dash:33号路段_虚线1
L:10662.180,10676.137|10668.805,10670.736|10787.311,10574.239|11006.110,10395.684:0:FF8000FF:solid:34号路段_右边线
L:10667.489,10680.994|10710.539,10645.876|10866.728,10518.493|11010.625,10401.053:0:FF8000FF:dash:34号路段_左边线
L:10664.522,10678.286|10789.306,10576.449|11008.043,10397.997:0:FFFFFFFF:dash:34号路段_虚线1
L:11015.355,10406.097|11010.151,10410.287|10870.942,10523.730|10692.708,10668.906|10678.195,10680.750|10671.561,10686.218:0:FF8000FF:solid:35号路段_右边线
L:11010.625,10401.053|10866.728,10518.493|10710.539,10645.876|10667.489,10680.994:0:FF8000FF:dash:35号路段_左边线
L:11013.429,10403.946|10869.231,10521.621|10712.916,10649.116|10670.026,10684.134:0:FFFFFFFF:dash:35号路段_虚线1
L:11042.148,10366.671|11048.627,10361.391|11158.753,10271.654|11387.115,10085.614|11501.732,9992.792:0:FF8000FF:solid:36号路段_右边线
L:11046.951,10371.583|11162.020,10277.844|11436.599,10054.111|11505.798,9997.725:0:FF8000FF:dash:36号路段_左边线
L:11044.059,10368.795|11159.678,10274.533|11433.913,10051.133|11503.242,9994.633:0:FFFFFFFF:dash:36号路段_虚线1
L:11510.406,10002.803|11508.127,10004.621|11441.271,10059.105|11165.752,10283.534|11051.258,10376.898:0:FF8000FF:solid:37号路段_右边线
L:11505.798,9997.725|11436.599,10054.111|11162.020,10277.844|11046.951,10371.583:0:FF8000FF:dash:37号路段_左边线
L:11508.500,10000.715|11393.278,10094.492|11049.503,10374.705:0:FFFFFFFF:dash:37号路段_虚线1
L:11797.404,11291.714|11801.045,11289.014|12094.495,11050.020|12223.935,10945.609:0:FF8000FF:solid:38号路段_右边线
L:11802.068,11296.984|11967.453,11162.279|12227.797,10950.201:0:FF8000FF:dash:38号路段_左边线
L:11799.732,11294.104|12040.378,11098.121|12148.147,11010.318|12225.425,10947.377:0:FFFFFFFF:dash:38号路段_虚线1
L:12229.896,10957.336|12050.632,11103.291|11805.620,11302.938:0:FF8000FF:solid:39号路段_右边线
L:12227.797,10950.201|11967.453,11162.279|11802.068,11296.984:0:FF8000FF:dash:39号路段_左边线
L:12228.926,10954.129|12046.050,11103.046|11804.493,11299.810:0:FFFFFFFF:dash:39号路段_虚线1
P:10012.038,9945.130|10007.405,9941.104|10024.052,9927.551|10027.835,9932.192:0:FF8000FF:stroke:禁停区1
P:10061.450,9970.695|10065.226,9975.357|10048.651,9990.614|10044.908,9985.991:0:FF8000FF:stroke:禁停区2
P:10240.918,10193.070|10244.082,10196.945|10226.362,10210.900|10223.162,10206.974:0:FF8000FF:stroke:禁停区3
P:10272.421,10198.448|10268.550,10201.622|10279.423,10215.147|10283.263,10211.918:0:FF8000FF:stroke:禁停区4
P:10282.684,10237.754|10285.873,10241.692|10263.583,10259.981|10260.427,10256.118:0:FF8000FF:stroke:禁停区5
P:10622.417,9913.721|10627.162,9909.953|10637.104,9922.659|10632.459,9926.472:0:FF8000FF:stroke:禁停区6
P:10638.411,9922.013|10642.232,9926.703|10657.625,9913.277|10653.842,9908.616:0:FF8000FF:stroke:禁停区7
P:11026.728,10366.615|11030.490,10371.271|11014.757,10384.222|11010.920,10379.512:0:FF8000FF:stroke:禁停区8
P:11012.341,10390.579|11007.728,10394.392|11016.562,10405.438|11021.197,10401.561:0:FF8000FF:stroke:禁停区9
P:11026.382,10400.145|11030.203,10404.788|11047.496,10390.370|11043.700,10385.706:0:FF8000FF:stroke:禁停区10
P:11417.206,10846.216|11413.439,10841.586|11397.295,10854.098|11401.117,10858.769:0:FF8000FF:stroke:禁停区11
P:11450.024,10886.439|11446.198,10881.784|11431.529,10894.424|11435.284,10899.050:0:FF8000FF:stroke:禁停区12
P:11529.031,10000.554|11525.381,9995.819|11553.148,9974.323|11556.855,9979.134:0:FF8000FF:stroke:禁停区13
P:11511.770,10001.981|11516.484,9998.182|11507.423,9987.303|11502.835,9991.058:0:FF8000FF:stroke:禁停区14
P:11040.989,10367.352|11036.283,10371.211|11045.281,10382.061|11049.957,10378.313:0:FF8000FF:stroke:禁停区15
P:10671.809,10689.335|10667.161,10693.179|10654.905,10678.203|10659.246,10674.673:0:FF8000FF:stroke:禁停区16
P:10639.810,10674.261|10643.615,10678.876|10623.178,10695.473|10619.417,10690.783:0:FF8000FF:stroke:禁停区17
P:9715.898,9575.373|9712.169,9570.657|9728.765,9557.744|9732.418,9562.400:0:FF8000FF:stroke:禁停区18
P:429216.883,3414881.348|429213.123,3414876.656|429229.634,3414863.633|429233.318,3414868.265:0:FF8000FF:stroke:禁停区18